6.312919905524856,0.4983365931159086,0.0423017387630509,0.283585151984865
6.312919905524856,0.49827064913569447,0.042389040577216215,0.2835851854020485
6.312919905524856,0.49820477080201525,0.04247644032110163,0.28358521724800917
6.312919905524856,0.4981389580552846,0.042563937934611155,0.2835852475295069
6.312919905524856,0.4980732108359533,0.04265153335735967,0.283585276253283
6.312919905524856,0.49800752908450924,0.04273922652867331,0.2835853034260601
6.312919905524856,0.4979419127414776,0.042827017387589913,0.28358532905454226
6.312919905524856,0.4978763617474206,0.04291490587285941,0.283585353145415
6.312919905524856,0.49781087604293783,0.04300289192294428,0.28358537570534537
6.312919905524856,0.4977454555686661,0.043090975476019894,0.283585396740982
6.312919905524856,0.49768010026527953,0.04317915646997504,0.28358541625895506
6.312919905524856,0.4976148100734896,0.04326743484241227,0.28358543426587635
6.312919905524856,0.49754958493404516,0.04335581053064836,0.28358545076833935
6.312919905524856,0.49748442478773236,0.04344428347171471,0.2835854657729193
6.312919905524856,0.4974193295753749,0.0435328536023578,0.28358547928617317
6.312919905524856,0.49735429923783386,0.043621520859039614,0.28358549131463967
6.312919905524856,0.497289333716008,0.04371028517793805,0.2835855018648394
6.312919905524856,0.4972244329508333,0.043799146494947365,0.28358551094327483
6.312919905524856,0.4971595968832835,0.04388810474567863,0.2835855185564305
6.312919905524856,0.4970948254543698,0.04397715986546012,0.28358552471077264
6.312919905524856,0.4970301186051411,0.044066311789337786,0.28358552941274967
6.312919905524856,0.4969654762766841,0.04415556045207569,0.28358553266879205
6.312919905524856,0.49690089841012275,0.04424490578815644,0.28358553448531226
6.312919905524856,0.4968363849466191,0.0443343477317816,0.28358553486870486
6.312919905524856,0.4967719358273726,0.04442388621687219,0.2835855338253467
6.312919905524856,0.49670755099362074,0.044513521177069096,0.2835855313615968
6.312919905524856,0.49664323038663855,0.0446032525457335,0.2835855274837964
6.312919905524856,0.4965789739477391,0.04469308025594737,0.283585522198269
6.312919905524856,0.4965147816182731,0.04478300424051387,0.28358551551132055
6.312919905524856,0.4964506533396293,0.04487302443195782,0.28358550742923927
6.312919905524856,0.4963865890532341,0.04496314076252617,0.2835854979582958
6.312919905524856,0.496322588700552,0.04505335316418842,0.2835854871047432
6.312919905524856,0.4962586522230855,0.04514366156863706,0.2835854748748171
6.312919905524856,0.496194779562375,0.0452340659072881,0.2835854612747357
6.312919905524856,0.49613097065999884,0.04532456611128144,0.28358544631069965
6.312919905524856,0.4960672254575734,0.04541516211148137,0.2835854299888922
6.312919905524856,0.49600354389675316,0.04550585383847704,0.28358541231547935
6.312919905524856,0.49593992591923064,0.04559664122258288,0.2835853932966097
6.312919905524856,0.4958763714667365,0.045687524193839105,0.2835853729384146
6.312919905524856,0.49581288048103955,0.04577850268201214,0.2835853512470083
6.312919905524856,0.4957494529039467,0.04586957661659511,0.2835853282284877
6.312919905524856,0.4956860886773029,0.0459607459268083,0.28358530388893255
6.312919905524856,0.4956227877429916,0.04605201054159962,0.28358527823440555
6.312919905524856,0.4955595500429343,0.046143370389645055,0.28358525127095235
6.312919905524856,0.49549637551909065,0.04623482539934918,0.2835852230046015
6.312919905524856,0.4954332641134589,0.04632637549884559,0.2835851934413645
6.312919905524856,0.4953702157680753,0.04641802061599738,0.28358516258723604
6.312919905524856,0.4953072304250144,0.04650976067839762,0.2835851304481938
6.312919905524856,0.49524430802638936,0.046601595613369844,0.2835850970301985
6.312919905524856,0.49518144851435153,0.0466935253479685,0.28358506233919434
6.312919905524856,0.4951186518310906,0.04678554980897946,0.28358502638110833
6.312919905524856,0.4950559179188348,0.04687766892292047,0.2835849891618509
6.312919905524856,0.49499324671985073,0.04696988261604163,0.28358495068731565
6.312919905524856,0.4949306381764435,0.0470621908143259,0.2835849109633797
6.312919905524856,0.4948680922309566,0.04715459344348955,0.2835848699959033
6.312919905524856,0.4948056088257722,0.04724709042898268,0.2835848277907303
6.312919905524856,0.49474318790331073,0.04733968169598968,0.2835847843536877
6.312919905524856,0.4946808294060314,0.047432367169429696,0.2835847396905863
6.312919905524856,0.4946185332764319,0.04752514677395717,0.2835846938072201
6.312919905524856,0.49455629945704843,0.047618020433962294,0.28358464670936684
6.312919905524856,0.494494127890456,0.04771098807357149,0.2835845984027877
6.312919905524856,0.49443201851926794,0.04780404961664793,0.2835845488932276
6.312919905524856,0.4943699712861366,0.047897204986791994,0.28358449818641507
6.312919905524856,0.49430798613375265,0.047990454107341804,0.2835844462880623
6.312919905524856,0.4942460630048457,0.048083796901373696,0.28358439320386525
6.312919905524856,0.494184201842184,0.0481772332917027,0.28358433893950363
6.312919905524856,0.49412240258857437,0.04827076320088305,0.2835842835006409
6.312919905524856,0.49406066518686265,0.0483643865512087,0.28358422689292445
6.312919905524856,0.49399898957993327,0.0484581032647138,0.2835841691219855
6.312919905524856,0.4939373757107095,0.0485519132631732,0.28358411019343915
6.312919905524856,0.4938758235221534,0.048645816468102954,0.2835840501128846
6.312919905524856,0.4938143329572659,0.04873981280076081,0.28358398888590497
6.312919905524856,0.4937529039590866,0.04883390218214676,0.28358392651806724
6.312919905524856,0.4936915364706942,0.04892808453300347,0.2835838630149226
6.312919905524856,0.49363023043520615,0.04902235977381685,0.2835837983820064
6.312919905524856,0.4935689857957788,0.049116727824816526,0.28358373262483816
6.312919905524856,0.4935078024956075,0.049211188605976355,0.2835836657489213
6.312919905524856,0.4934466804779264,0.049305742037014946,0.28358359775974373
6.312919905524856,0.4933856196860087,0.04940038803739615,0.2835835286627774
6.312919905524856,0.49332462006316646,0.049495126526329584,0.28358345846347877
6.312919905524856,0.49326368155275085,0.04958995742277115,0.28358338716728837
6.312919905524856,0.493202804098152,0.04968488064542353,0.28358331477963133
6.312919905524856,0.49314198764279904,0.049779896112736706,0.283583241305917
6.312919905524856,0.49308123213016014,0.04987500374290848,0.2835831667515393
6.312919905524856,0.49302053750374253,0.049970203453885,0.28358309112187635
6.312919905524856,0.4929599037070924,0.05006549516336125,0.28358301442229106
6.312919905524856,0.49289933068379527,0.0501608787887816,0.2835829366581307
6.312919905524856,0.4928388183774755,0.050256354247340304,0.2835828578347273
6.312919905524856,0.4927783667317967,0.050351921455982024,0.2835827779573973
6.312919905524856,0.4927179756904616,0.05044758033140236,0.28358269703144184
6.312919905524856,0.492657645197212,0.050543330790048364,0.28358261506214677
6.312919905524856,0.49259737519582897,0.05063917274811907,0.2835825320547826
6.312919905524856,0.4925371656301326,0.05073510612156601,0.2835824480146047
6.312919905524856,0.49247701644398234,0.050831130826093744,0.28358236294685313
6.312919905524856,0.49241692758127675,0.05092724677716039,0.28358227685675275
6.312919905524856,0.49235689898595364,0.05102345388997816,0.2835821897495134
6.312919905524856,0.49229693060199003,0.05111975207951386,0.28358210163032965
6.312919905524856,0.49223702237340217,0.05121614126048945,0.2835820125043812
6.312919905524856,0.4921771742442456,0.051312621347382556,0.2835819223768325
6.312919905524856,0.4921173861586151,0.05140919225442701,0.28358183125283304
6.312919905524856,0.4920576580606448,0.05150585389561338,0.28358173913751755
6.312919905524856,0.49199798989450805,0.05160260618468951,0.28358164603600555
6.312919905524856,0.4919383816044175,0.051699449035161035,0.2835815519534018
6.312919905524856,0.49187883313462527,0.05179638236029194,0.28358145689479614
6.312919905524856,0.49181934442942266,0.05189340607310507,0.2835813608652636
6.312919905524856,0.4917599154331404,0.05199052008638269,0.28358126386986454
6.312919905524856,0.49170054609014857,0.05208772431266703,0.2835811659136443
6.312919905524856,0.4916412363448566,0.0521850186642608,0.28358106700163377
6.312919905524856,0.4915819861417134,0.05228240305322773,0.2835809671388489
6.312919905524856,0.49152279542520716,0.05237987739139314,0.28358086633029117
6.312919905524856,0.4914636641398655,0.05247744159034443,0.2835807645809474
6.312919905524856,0.4914045922302555,0.05257509556143169,0.2835806618957897
6.312919905524856,0.4913455796409837,0.05267283921576819,0.2835805582797757
6.312919905524856,0.49128662631669606,0.052770672464230936,0.28358045373784857
6.312919905524856,0.4912277322020779,0.05286859521746125,0.28358034827493694
6.312919905524856,0.49116889724185414,0.052966607385865255,0.283580241895955
6.312919905524856,0.4911101213807892,0.053064708879614474,0.2835801346058024
6.312919905524856,0.4910514045636869,0.053162899608646355,0.2835800264093646
6.312919905524856,0.49099274673539056,0.05326117948266482,0.28357991731151255
6.312919905524856,0.49093414784078293,0.053359548411140816,0.2835798073171031
6.312919905524856,0.4908756078247865,0.05345800630331288,0.2835796964309785
6.312919905524856,0.49081712663236315,0.053556553068187664,0.283579584657967
6.312919905524856,0.49075870420851425,0.0536551886145405,0.28357947200288247
6.312919905524856,0.4907003404982808,0.05375391285091597,0.2835793584705247
6.312919905524856,0.4906420354467434,0.05385272568562843,0.2835792440656792
6.312919905524856,0.4905837889990221,0.05395162702676258,0.2835791287931176
6.312919905524856,0.4905256011002767,0.054050616782174016,0.2835790126575972
6.312919905524856,0.4904674716957064,0.054149694859489776,0.2835788956638614
6.312919905524856,0.49040940073055006,0.05424886116610892,0.2835787778166395
6.312919905524856,0.4903513881500861,0.054348115609203086,0.2835786591206468
6.312919905524856,0.49029343389963276,0.05444745809571703,0.28357853958058465
6.312919905524856,0.4902355379245476,0.054546888532369164,0.28357841920114063
6.312919905524856,0.490177700170228,0.05464640682565219,0.2835782979869882
6.312919905524856,0.4901199205821109,0.05474601288183359,0.2835781759427871
6.312919905524856,0.490062199105673,0.05484570660695622,0.28357805307318323
6.312919905524856,0.4900045356864305,0.05494548790683886,0.2835779293828086
6.312919905524856,0.4899469302699394,0.05504535668707679,0.2835778048762817
6.312919905524856,0.4898893828017952,0.05514531285304233,0.283577679558207
6.312919905524856,0.48983189322763326,0.05524535630988544,0.2835775534331756
6.312919905524856,0.4897744614931284,0.05534548696253426,0.28357742650576456
6.312919905524856,0.4897170875439954,0.05544570471569567,0.28357729878053756
6.312919905524856,0.48965977132598854,0.055546009473855885,0.28357717026204465
6.312919905524856,0.48960251278490186,0.055646401141280985,0.2835770409548222
6.312919905524856,0.489545311866569,0.055746879622017534,0.28357691086339326
6.312919905524856,0.48948816851686366,0.05584744481989309,0.2835767799922672
6.312919905524856,0.4894310826816989,0.0559480966385168,0.28357664834594
6.312919905524856,0.48937405430702763,0.056048834981279994,0.28357651592889405
6.312919905524856,0.4893170833388425,0.056149659751356724,0.28357638274559854
6.312919905524856,0.48926016972317593,0.056250570851704346,0.2835762488005092
6.312919905524856,0.48920331340609996,0.05635156818506408,0.2835761140980684
6.312919905524856,0.4891465143337265,0.05645265165396162,0.2835759786427052
6.312919905524856,0.48908977245220736,0.05655382116070765,0.28357584243883543
6.312919905524856,0.4890330877077338,0.056655076607398484,0.28357570549086164
6.312919905524856,0.48897646004653705,0.056756417895916574,0.28357556780317306
6.312919905524856,0.488919889414888,0.05685784492793114,0.2835754293801459
6.312919905524856,0.48886337575909744,0.05695935760489871,0.28357529022614314
6.312919905524856,0.4888069190255158,0.057060955828063725,0.28357515034551467
6.312919905524856,0.48875051916053347,0.05716263949845908,0.2835750097425972
6.312919905524856,0.4886941761105804,0.05726440851690675,0.2835748684217144
6.312919905524856,0.48863788982212664,0.05736626278401831,0.283574726387177
6.312919905524856,0.48858166024168176,0.05746820220019557,0.2835745836432827
6.312919905524856,0.48852548731579526,0.05757022666563113,0.2835744401943161
6.312919905524856,0.4884693709910565,0.057672336080308945,0.283574296044549
6.312919905524856,0.4884133112140944,0.05777453034400494,0.28357415119824014
6.312919905524856,0.48835730793157817,0.057876809356287556,0.28357400565963564
6.312919905524856,0.48830136109021627,0.05797917301651836,0.28357385943296853
6.312919905524856,0.4882454706367574,0.058081621223852596,0.2835737125224592
6.312919905524856,0.48818963651798997,0.05818415387723982,0.2835735649323151
6.312919905524856,0.4881338586807421,0.05828677087542442,0.283573416666731
6.312919905524856,0.48807813707188186,0.05838947211694627,0.283573267729889
6.312919905524856,0.4880224716383172,0.05849225750014123,0.28357311812595837
6.312919905524856,0.4879668623269958,0.05859512692314182,0.28357296785909575
6.312919905524856,0.4879113090849052,0.05869808028387773,0.28357281693344527
6.312919905524856,0.4878558118590728,0.05880111748007645,0.28357266535313835
6.312919905524856,0.48780037059656584,0.05890423840926387,0.28357251312229376
6.312919905524856,0.4877449852444914,0.05900744296876482,0.28357236024501786
6.312919905524856,0.48768965574999645,0.05911073105570368,0.2835722067254044
6.312919905524856,0.4876343820602678,0.05921410256700498,0.2835720525675348
6.312919905524856,0.4875791641225321,0.05931755739939399,0.2835718977754778
6.312919905524856,0.4875240018840558,0.059421095449397277,0.2835717423532899
6.312919905524856,0.48746889529214527,0.059524716613343326,0.28357158630501506
6.312919905524856,0.4874138442941467,0.05962842078736312,0.283571429634685
6.312919905524856,0.4873588488374462,0.059732207867390745,0.283571272346319
6.312919905524856,0.48730390886946967,0.05983607774916394,0.28357111444392413
6.312919905524856,0.48724902433768297,0.05994003032822473,0.283570955931495
6.312919905524856,0.4871941951895917,0.06004406549992002,0.28357079681301417
6.312919905524856,0.4871394213727413,0.06014818315940215,0.2835706370924519
6.312919905524856,0.4870847028347173,0.06025238320162952,0.28357047677376623
6.312919905524856,0.4870300395231449,0.06035666552136717,0.2835703158609031
6.312919905524856,0.48697543138568916,0.060461030013187395,0.2835701543577962
6.312919905524856,0.48692087837005504,0.06056547657147031,0.2835699922683674
6.312919905524856,0.48686638042398744,0.06067000509040445,0.2835698295965261
6.312919905524856,0.486811937495271,0.06077461546398737,0.2835696663461699
6.312919905524856,0.4867575495317304,0.06087930758602628,0.2835695025211844
6.312919905524856,0.48670321648122994,0.06098408135013855,0.28356933812544305
6.312919905524856,0.48664893829167405,0.06108893664975241,0.28356917316280744
6.312919905524856,0.48659471491100675,0.061193873378107465,0.2835690076371272
6.312919905524856,0.48654054628721216,0.06129889142825534,0.28356884155224016
6.312919905524856,0.4864864323683142,0.06140399069306026,0.2835686749119721
6.312919905524856,0.4864323731023765,0.06150917106519965,0.2835685077201371
6.312919905524856,0.4863783684375028,0.06161443243716473,0.2835683399805373
6.312919905524856,0.4863244183218366,0.06171977470126114,0.2835681716969632
6.312919905524856,0.486270522703561,0.061825197749609484,0.28356800287319334
6.312919905524856,0.4862166815308994,0.06193070147414598,0.28356783351299475
6.312919905524856,0.4861628947521148,0.06203628576662304,0.2835676636201226
6.312919905524856,0.4861091623155102,0.06214195051860988,0.28356749319832036
6.312919905524856,0.48605548416942823,0.062247695621493106,0.28356732225132003
6.312919905524856,0.48600186026225156,0.062353520966477324,0.28356715078284184
6.312919905524856,0.4859482905424026,0.062459426444585735,0.2835669787965944
6.312919905524856,0.4858947749583437,0.06256541194666076,0.28356680629627495
6.312919905524856,0.48584131345857706,0.06267147736336462,0.28356663328556897
6.312919905524856,0.4857879059916447,0.0627776225851799,0.2835664597681506
6.312919905524856,0.48573455250612835,0.06288384750241023,0.28356628574768233
6.312919905524856,0.48568125295064973,0.06299015200518085,0.2835661112278153
6.312919905524856,0.4856280072738704,0.06309653598343921,0.28356593621218923
6.312919905524856,0.4855748154244917,0.06320299932695558,0.28356576070443246
6.312919905524856,0.4855216773512549,0.06330954192532363,0.2835655847081619
6.312919905524856,0.4854685930029409,0.06341616366796109,0.2835654082269831
6.312919905524856,0.4854155623283706,0.06352286444411027,0.2835652312644904
6.312919905524856,0.4853625852764047,0.06362964414283878,0.2835650538242667
6.312919905524856,0.48530966179594365,0.06373650265304001,0.2835648759098838
6.312919905524856,0.48525679183592774,0.06384343986343383,0.28356469752490204
6.312919905524856,0.48520397534533716,0.06395045566256713,0.28356451867287086
6.312919905524856,0.4851512122731918,0.06405754993881449,0.2835643393573283
6.312919905524856,0.48509850256855147,0.06416472258037872,0.2835641595818012
6.312919905524856,0.4850458461805156,0.06427197347529151,0.2835639793498055
6.312919905524856,0.48499324305822367,0.064379302511414,0.2835637986648458
6.312919905524856,0.48494069315085475,0.06448670957643744,0.2835636175304159
6.312919905524856,0.4848881964076278,0.06459419455788377,0.2835634359499983
6.312919905524856,0.48483575277780155,0.0647017573431062,0.2835632539270645
6.312919905524856,0.4847833622106744,0.06480939781928984,0.2835630714650752
6.312919905524856,0.4847310246555848,0.06491711587345232,0.28356288856747996
6.312919905524856,0.48467874006191075,0.06502491139244437,0.2835627052377175
6.312919905524856,0.48462650837907006,0.06513278426295048,0.2835625214792155
6.312919905524856,0.4845743295565203,0.06524073437148944,0.2835623372953909
6.312919905524856,0.48452220354375886,0.065348761604415,0.2835621526896497
6.312919905524856,0.4844701302903229,0.0654568658479164,0.28356196766538705
6.312919905524856,0.4844181097457892,0.06556504698801911,0.2835617822259874
6.312919905524856,0.48436614185977445,0.06567330491058535,0.28356159637482425
6.312919905524856,0.484314226581935,0.06578163950131467,0.2835614101152604
6.312919905524856,0.4842623638619669,0.06589005064574464,0.2835612234506481
6.312919905524856,0.4842105536496061,0.06599853822925142,0.2835610363843286
6.312919905524856,0.484158795894628,0.06610710213705037,0.2835608489196328
6.312919905524856,0.484107090546848,0.06621574225419666,0.2835606610598806
6.312919905524856,0.484055437556121,0.06632445846558586,0.2835604728083816
6.312919905524856,0.4840038368723418,0.06643325065595462,0.2835602841684345
6.312919905524856,0.4839522884454447,0.06654211870988119,0.28356009514332764
6.312919905524856,0.48390079222540383,0.06665106251178608,0.28355990573633877
6.312919905524856,0.48384934816223296,0.06676008194593266,0.2835597159507351
6.312919905524856,0.48379795620598565,0.0668691768964278,0.2835595257897733
6.312919905524856,0.48374661630675503,0.0669783472472224,0.28355933525669963
6.312919905524856,0.48369532841467394,0.0670875928821121,0.2835591443547499
6.312919905524856,0.48364409247991486,0.0671969136847378,0.28355895308714946
6.312919905524856,0.4835929084526899,0.06730630953858638,0.28355876145711323
6.312919905524856,0.4835417762832509,0.06741578032699116,0.2835585694678459
6.312919905524856,0.48349069592188937,0.06752532593313267,0.2835583771225417
6.312919905524856,0.4834396673189364,0.06763494624003913,0.28355818442438463
6.312919905524856,0.4833886904247627,0.06774464113058715,0.28355799137654825
6.312919905524856,0.4833377651897786,0.0678544104875023,0.283557797982196
6.312919905524856,0.4832868915644342,0.06796425419335976,0.28355760424448095
6.312919905524856,0.48323606949921905,0.06807417213058486,0.28355741016654606
6.312919905524856,0.48318529894466233,0.06818416418145375,0.2835572157515241
6.312919905524856,0.4831345798513329,0.06829423022809397,0.2835570210025376
6.312919905524856,0.48308391216983915,0.06840437015248514,0.28355682592269893
6.312919905524856,0.483033295850829,0.06851458383645948,0.28355663051511043
6.312919905524856,0.48298273084499005,0.06862487116170245,0.2835564347828643
6.312919905524856,0.4829322171030494,0.0687352320097534,0.2835562387290427
6.312919905524856,0.48288175457577376,0.06884566626200612,0.28355604235671766
6.312919905524856,0.4828313432139693,0.06895617379970953,0.2835558456689513
6.312919905524856,0.48278098296848193,0.06906675450396821,0.2835556486687957
6.312919905524856,0.4827306737901969,0.06917740825574305,0.2835554513592929
6.312919905524856,0.4826804156300391,0.06928813493585187,0.28355525374347507
6.312919905524856,0.4826302084389729,0.06939893442497,0.2835550558243645
6.312919905524856,0.4825800521680022,0.06950980660363094,0.28355485760497356
6.312919905524856,0.48252994676817035,0.06962075135222694,0.28355465908830463
6.312919905524856,0.48247989219056026,0.0697317685510096,0.2835544602773503
6.312919905524856,0.4824298883862943,0.0698428580800905,0.28355426117509347
6.312919905524856,0.48237993530653434,0.06995401981944183,0.28355406178450704
6.312919905524856,0.4823300329024817,0.07006525364889694,0.2835538621085543
6.312919905524856,0.48228018112537724,0.07017655944815104,0.28355366215018873
6.312919905524856,0.48223037992650114,0.07028793709676176,0.28355346191235403
6.312919905524856,0.48218062925717314,0.07039938647414971,0.2835532613979842
6.312919905524856,0.4821309290687523,0.0705109074595992,0.2835530606100035
6.312919905524856,0.4820812793126373,0.0706224999322588,0.2835528595513268
6.312919905524856,0.4820316799402659,0.07073416377114192,0.28355265822485903
6.312919905524856,0.48198213090311565,0.07084589885512746,0.2835524566334957
6.312919905524856,0.48193263215270327,0.07095770506296042,0.2835522547801227
6.312919905524856,0.4818831836405849,0.07106958227325251,0.2835520526676163
6.312919905524856,0.48183378531835613,0.07118153036448274,0.28355185029884333
6.312919905524856,0.4817844371376519,0.07129354921499804,0.2835516476766609
6.312919905524856,0.4817351390501465,0.07140563870301392,0.2835514448039169
6.312919905524856,0.48168589100755344,0.071517798706615,0.2835512416834496
6.312919905524856,0.4816366929616258,0.07163002910375564,0.28355103831808776
6.312919905524856,0.4815875448641559,0.07174232977226062,0.2835508347106509
6.312919905524856,0.4815384466669752,0.0718547005898257,0.283550630863949
6.312919905524856,0.4814893983219548,0.07196714143401818,0.28355042678078274
6.312919905524856,0.4814403997810049,0.07207965218227758,0.28355022246394346
6.312919905524856,0.48139145099607494,0.07219223271191626,0.2835500179162131
6.312919905524856,0.4813425519191538,0.07230488290011998,0.28354981314036437
6.312919905524856,0.4812937025022696,0.07241760262394853,0.28354960813916064
6.312919905524856,0.4812449026974896,0.07253039176033635,0.283549402915356
6.312919905524856,0.48119615245692043,0.07264325018609313,0.28354919747169544
6.312919905524856,0.48114745173270795,0.07275617777790441,0.28354899181091453
6.312919905524856,0.4810988004770371,0.07286917441233223,0.28354878593573984
6.312919905524856,0.4810501986421322,0.07298223996581568,0.2835485798488887
6.312919905524856,0.4810016461802568,0.07309537431467156,0.2835483735530693
6.312919905524856,0.4809531430437136,0.07320857733509496,0.28354816705098057
6.312919905524856,0.48090468918484436,0.07332184890315988,0.2835479603453126
6.312919905524856,0.48085628455603013,0.07343518889481983,0.2835477534387463
6.312919905524856,0.48080792910969117,0.07354859718590845,0.2835475463339534
6.312919905524856,0.48075962279828677,0.07366207365214013,0.2835473390335968
6.312919905524856,0.48071136557431543,0.07377561816911057,0.28354713154033023
6.312919905524856,0.4806631573903148,0.07388923061229745,0.2835469238567985
6.312919905524856,0.48061499819886155,0.074002910857061,0.2835467159856375
6.312919905524856,0.4805668879525715,0.07411665877864461,0.2835465079294741
6.312919905524856,0.4805188266040998,0.07423047425217544,0.2835462996909263
6.312919905524856,0.4804708141061403,0.07434435715266505,0.28354609127260316
6.312919905524856,0.4804228504114261,0.07445830735500998,0.2835458826771049
6.312919905524856,0.4803749354727293,0.07457232473399236,0.28354567390702284
6.312919905524856,0.4803270692428612,0.07468640916428053,0.28354546496493954
6.312919905524856,0.480279251674672,0.07480056052042962,0.2835452558534287
6.312919905524856,0.480231482721051,0.0749147786768822,0.2835450465750553
6.312919905524856,0.4801837623349264,0.07502906350796885,0.28354483713237544
6.312919905524856,0.48013609046926553,0.07514341488790878,0.2835446275279366
6.312919905524856,0.48008846707707464,0.07525783269081043,0.2835444177642774
6.312919905524856,0.480040892111399,0.07537231679067208,0.283544207843928
6.312919905524856,0.4799933655253228,0.07548686706138247,0.2835439977694096
6.312919905524856,0.47994588727196913,0.07560148337672136,0.2835437875432349
6.312919905524856,0.4798984573045001,0.07571616561036017,0.28354357716790796
6.312919905524856,0.4798510755761167,0.0758309136358626,0.28354336664592417
6.312919905524856,0.47980374204005893,0.0759457273266852,0.28354315597977037
6.312919905524856,0.4797564566496056,0.07606060655617798,0.28354294517192485
6.312919905524856,0.47970921935807437,0.07617555119758504,0.2835427342248573
6.312919905524856,0.47966203011882186,0.07629056112404513,0.28354252314102896
6.312919905524856,0.47961488888524356,0.07640563620859228,0.2835423119228925
6.312919905524856,0.47956779561077373,0.07652077632415641,0.2835421005728921
6.312919905524856,0.4795207502488855,0.07663598134356392,0.2835418890934635
6.312919905524856,0.4794737527530909,0.0767512511395383,0.28354167748703407
6.312919905524856,0.47942680307694063,0.07686658558470072,0.2835414657560226
6.312919905524856,0.4793799011740243,0.07698198455157064,0.28354125390283963
6.312919905524856,0.4793330469979702,0.07709744791256641,0.2835410419298872
6.312919905524856,0.47928624050244556,0.07721297554000588,0.28354082983955914
6.312919905524856,0.4792394816411562,0.07732856730610697,0.28354061763424077
6.312919905524856,0.4791927703678468,0.07744422308298833,0.28354040531630925
6.312919905524856,0.47914610663630064,0.07755994274266988,0.2835401928881334
6.312919905524856,0.4790994904003398,0.07767572615707342,0.2835399803520738
6.312919905524856,0.4790529216138251,0.0777915731980233,0.28353976771048267
6.312919905524856,0.47900640023065605,0.07790748373724686,0.28353955496570404
6.312919905524856,0.4789599262047707,0.07802345764637525,0.28353934212007376
6.312919905524856,0.4789134994901459,0.07813949479694383,0.28353912917591956
6.312919905524856,0.47886712004079707,0.0782555950603929,0.28353891613556087
6.312919905524856,0.4788207878107783,0.0783717583080682,0.283538703001309
6.312919905524856,0.4787745027541823,0.07848798441122158,0.28353848977546725
6.312919905524856,0.4787282648251404,0.07860427324101159,0.28353827646033064
6.312919905524856,0.47868207397782253,0.078720624668504,0.28353806305818624
6.312919905524856,0.4786359301664371,0.07883703856467253,0.28353784957131295
6.312919905524856,0.47858983334523114,0.07895351480039932,0.2835376360019817
6.312919905524856,0.47854378346849036,0.0790700532464756,0.2835374223524553
6.312919905524856,0.47849778049053876,0.07918665377360226,0.2835372086249888
6.312919905524856,0.47845182436573913,0.07930331625239044,0.2835369948218289
6.312919905524856,0.4784059150484925,0.07942004055336216,0.28353678094521473
6.312919905524856,0.4783600524932386,0.07953682654695085,0.28353656699737706
6.312919905524856,0.47831423665445555,0.07965367410350202,0.2835363529805391
6.312919905524856,0.47826846748665985,0.0797705830932738,0.2835361388969159
6.312919905524856,0.47822274494440664,0.07988755338643755,0.28353592474871486
6.312919905524856,0.4781770689822894,0.08000458485307844,0.2835357105381353
6.312919905524856,0.47813143955493986,0.08012167736319609,0.28353549626736885
6.312919905524856,0.47808585661702846,0.08023883078670507,0.28353528193859917
6.312919905524856,0.4780403201232638,0.08035604499343563,0.2835350675540023
6.312919905524856,0.47799483002839294,0.08047331985313413,0.28353485311574633
6.312919905524856,0.47794938628720135,0.08059065523546378,0.28353463862599165
6.312919905524856,0.4779039888545127,0.08070805101000512,0.2835344240868909
6.312919905524856,0.4778586376851891,0.08082550704625666,0.283534209500589
6.312919905524856,0.47781333273413096,0.08094302321363546,0.2835339948692232
6.312919905524856,0.477768073956277,0.08106059938147772,0.28353378019492304
6.312919905524856,0.47772286130660413,0.08117823541903942,0.28353356547981035
6.312919905524856,0.4776776947401276,0.08129593119549677,0.28353335072599933
6.312919905524856,0.4776325742119009,0.08141368657994696,0.2835331359355966
6.312919905524856,0.47758749967701586,0.08153150144140865,0.28353292111070116
6.312919905524856,0.47754247109060227,0.08164937564882258,0.28353270625340443
6.312919905524856,0.47749748840782835,0.08176730907105215,0.2835324913657902
6.312919905524856,0.47745255158390043,0.08188530157688403,0.28353227644993473
6.312919905524856,0.47740766057406314,0.08200335303502874,0.28353206150790683
6.312919905524856,0.477362815333599,0.0821214633141212,0.2835318465417677
6.312919905524856,0.4773180158178289,0.08223963228272137,0.2835316315535711
6.312919905524856,0.47727326198211173,0.08235785980931477,0.2835314165453633
6.312919905524856,0.4772285537818446,0.08247614576231313,0.28353120151918315
6.312919905524856,0.4771838911724627,0.08259449001005494,0.283530986477062
6.312919905524856,0.4771392741094392,0.08271289242080601,0.28353077142102384
6.312919905524856,0.47709470254828534,0.08283135286276012,0.2835305563530853
6.312919905524856,0.4770501764445505,0.08294987120403954,0.2835303412752555
6.312919905524856,0.47700569575382207,0.08306844731269562,0.2835301261895363
6.312919905524856,0.4769612604317254,0.08318708105670941,0.28352991109792225
6.312919905524856,0.4769168704339238,0.08330577230399219,0.28352969600240047
6.312919905524856,0.4768725257161187,0.0834245209223861,0.2835294809049509
6.312919905524856,0.47682822623404947,0.08354332677966467,0.2835292658075461
6.312919905524856,0.4767839719434933,0.08366218974353345,0.2835290507121515
6.312919905524856,0.4767397628002654,0.08378110968163055,0.28352883562072506
6.312919905524856,0.47669559876021894,0.08390008646152723,0.2835286205352177
6.312919905524856,0.4766514797792449,0.08401911995072849,0.28352840545757313
6.312919905524856,0.4766074058132721,0.08413821001667358,0.28352819038972776
6.312919905524856,0.47656337681826744,0.08425735652673673,0.2835279753336109
6.312919905524856,0.47651939275023547,0.08437655934822755,0.28352776029114474
6.312919905524856,0.47647545356521864,0.08449581834839173,0.2835275452642442
6.312919905524856,0.47643155921929725,0.08461513339441154,0.28352733025481724
6.312919905524856,0.4763877096685893,0.08473450435340645,0.28352711526476465
6.312919905524856,0.47634390486925066,0.0848539310924337,0.2835269002959801
6.312919905524856,0.476300144777475,0.08497341347848882,0.2835266853503503
6.312919905524856,0.47625642934949364,0.0850929513785063,0.2835264704297549
6.312919905524856,0.4762127585415756,0.08521254465936005,0.28352625553606636
6.312919905524856,0.4761691323100277,0.08533219318786411,0.2835260406711504
6.312919905524856,0.4761255506111946,0.08545189683077306,0.28352582583686553
6.312919905524856,0.4760820134014583,0.08557165545478268,0.28352561103506346
6.312919905524856,0.47603852063723867,0.08569146892653057,0.2835253962675888
6.312919905524856,0.4759950722749932,0.08581133711259663,0.28352518153627937
6.312919905524856,0.47595166827121704,0.08593125987950365,0.28352496684296585
6.312919905524856,0.4759083085824429,0.0860512370937179,0.2835247521894723
6.312919905524856,0.475864993165241,0.0861712686216497,0.2835245375776157
6.312919905524856,0.4758217219762194,0.08629135432965396,0.28352432300920627
6.312919905524856,0.47577849497202357,0.08641149408403077,0.2835241084860473
6.312919905524856,0.47573531210933634,0.08653168775102596,0.28352389400993533
6.312919905524856,0.4756921733448783,0.08665193519683165,0.2835236795826601
6.312919905524856,0.47564907863540745,0.08677223628758685,0.2835234652060045
6.312919905524856,0.4756060279377194,0.086892590889378,0.2835232508817447
6.312919905524856,0.47556302120864696,0.08701299886823952,0.28352303661164996
6.312919905524856,0.47552005840506073,0.08713346009015444,0.2835228223974831
6.312919905524856,0.4754771394838685,0.08725397442105487,0.28352260824099995
6.312919905524856,0.4754342644020155,0.08737454172682263,0.28352239414394975
6.312919905524856,0.4753914331164845,0.08749516187328978,0.28352218010807495
6.312919905524856,0.4753486455842955,0.08761583472623918,0.2835219661351116
6.312919905524856,0.47530590176250603,0.08773656015140512,0.2835217522267888
6.312919905524856,0.4752632016082108,0.08785733801447375,0.28352153838482913
6.312919905524856,0.4752205450785419,0.08797816818108373,0.28352132461094853
6.312919905524856,0.4751779321306687,0.08809905051682679,0.2835211109068565
6.312919905524856,0.47513536272179796,0.08821998488724825,0.28352089727425567
6.312919905524856,0.4750928368091737,0.08834097115784761,0.2835206837148423
6.312919905524856,0.4750503543500771,0.0884620091940791,0.2835204702303061
6.312919905524856,0.4750079153018266,0.08858309886135218,0.28352025682233023
6.312919905524856,0.4749655196217779,0.0887042400250322,0.28352004349259124
6.312919905524856,0.4749231672673239,0.08882543255044088,0.2835198302427593
6.312919905524856,0.4748808581958947,0.08894667630285687,0.2835196170744981
6.312919905524856,0.47483859236495746,0.08906797114751634,0.28351940398946474
6.312919905524856,0.47479636973201655,0.0891893169496135,0.28351919098931005
6.312919905524856,0.4747541902546135,0.08931071357430115,0.2835189780756784
6.312919905524856,0.47471205389032695,0.08943216088669127,0.2835187652502075
6.312919905524856,0.4746699605967725,0.08955365875185554,0.283518552514529
6.312919905524856,0.47462791033160306,0.08967520703482589,0.283518339870268
6.312919905524856,0.47458590305250836,0.08979680560059504,0.28351812731904324
6.312919905524856,0.47454393871721523,0.08991845431411712,0.28351791486246725
6.312919905524856,0.4745020172834876,0.0900401530403081,0.28351770250214603
6.312919905524856,0.4744601387091264,0.09016190164404646,0.28351749023967937
6.312919905524856,0.47441830295196935,0.09028369999017363,0.2835172780766607
6.312919905524856,0.4743765099698913,0.09040554794349463,0.28351706601467735
6.312919905524856,0.474334759720804,0.09052744536877856,0.28351685405531024
6.312919905524856,0.47429305216265616,0.09064939213075915,0.28351664220013406
6.312919905524856,0.4742513872534332,0.09077138809413532,0.28351643045071734
6.312919905524856,0.4742097649511577,0.0908934331235717,0.28351621880862227
6.312919905524856,0.47416818521388887,0.09101552708369924,0.28351600727540494
6.312919905524856,0.474126647999723,0.09113766983911566,0.2835157958526152
6.312919905524856,0.47408515326679296,0.09125986125438602,0.2835155845417968
6.312919905524856,0.47404370097326864,0.09138210119404334,0.28351537334448734
6.312919905524856,0.4740022910773565,0.09150438952258903,0.28351516226221823
6.312919905524856,0.47396092353729996,0.09162672610449349,0.2835149512965149
6.312919905524856,0.47391959831137914,0.09174911080419662,0.28351474044889646
6.312919905524856,0.4738783153579108,0.09187154348610842,0.2835145297208761
6.312919905524856,0.4738370746352485,0.09199402401460943,0.2835143191139609
6.312919905524856,0.4737958761017824,0.09211655225405137,0.283514108629652
6.312919905524856,0.4737547197159395,0.09223912806875759,0.28351389826944423
6.312919905524856,0.47371360543618335,0.09236175132302367,0.2835136880348267
6.312919905524856,0.4736725332210141,0.09248442188111791,0.28351347792728226
6.312919905524856,0.4736315030289685,0.09260713960728191,0.283513267948288
6.312919905524856,0.4735905148186201,0.09272990436573104,0.283513058099315
6.312919905524856,0.4735495685485787,0.09285271602065502,0.28351284838182816
6.312919905524856,0.473508664177491,0.09297557443621847,0.2835126387972867
6.312919905524856,0.4734678016640399,0.09309847947656137,0.28351242934714393
6.312919905524856,0.4734269809669451,0.09322143100579969,0.283512220032847
6.312919905524856,0.47338620204496257,0.0933444288880258,0.2835120108558373
6.312919905524856,0.473345464856885,0.0934674729873091,0.28351180181755053
6.312919905524856,0.47330476936154137,0.09359056316769652,0.2835115929194162
6.312919905524856,0.47326411551779707,0.09371369929321305,0.2835113841628582
6.312919905524856,0.473223503284554,0.09383688122786221,0.2835111755492945
6.312919905524856,0.47318293262075034,0.09396010883562668,0.28351096708013734
6.312919905524856,0.4731424034853608,0.09408338198046874,0.28351075875679305
6.312919905524856,0.4731019158373964,0.09420670052633083,0.2835105505806622
6.312919905524856,0.47306146963590456,0.09433006433713607,0.2835103425531397
6.312919905524856,0.47302106483996875,0.09445347327678878,0.28351013467561464
6.312919905524856,0.47298070140870907,0.09457692720917504,0.2835099269494703
6.312919905524856,0.47294037930128174,0.09470042599816314,0.2835097193760843
6.312919905524856,0.47290009847687925,0.09482396950760416,0.28350951195682866
6.312919905524856,0.4728598588947303,0.09494755760133247,0.2835093046930695
6.312919905524856,0.4728196605140999,0.09507119014316623,0.28350909758616744
6.312919905524856,0.4727795032942892,0.09519486699690796,0.28350889063747736
6.312919905524856,0.4727393871946355,0.09531858802634502,0.28350868384834854
6.312919905524856,0.47269931217451233,0.09544235309525012,0.28350847722012457
6.312919905524856,0.47265927819332926,0.09556616206738189,0.2835082707541434
6.312919905524856,0.47261928521053204,0.09569001480648531,0.28350806445173754
6.312919905524856,0.4725793331856026,0.09581391117629234,0.2835078583142337
6.312919905524856,0.4725394220780588,0.09593785104052231,0.28350765234295316
6.312919905524856,0.4724995518474546,0.09606183426288253,0.28350744653921167
6.312919905524856,0.4724597224533801,0.09618586070706875,0.28350724090431934
6.312919905524856,0.47241993385546127,0.09630993023676569,0.28350703543958083
6.312919905524856,0.4723801860133602,0.09643404271564757,0.28350683014629524
6.312919905524856,0.47234047888677483,0.09655819800737855,0.2835066250257562
6.312919905524856,0.47230081243543914,0.09668239597561337,0.2835064200792518
6.312919905524856,0.47226118661912303,0.09680663648399773,0.2835062153080648
6.312919905524856,0.4722216013976323,0.09693091939616885,0.2835060107134723
6.312919905524856,0.47218205673080876,0.097055244575756,0.28350580629674627
6.312919905524856,0.4721425525785299,0.09717961188638097,0.28350560205915293
6.312919905524856,0.4721030889007091,0.09730402119165857,0.28350539800195335
6.312919905524856,0.47206366565729574,0.09742847235519722,0.283505194126403
6.312919905524856,0.4720242828082748,0.09755296524059932,0.2835049904337521
6.312919905524856,0.47198494031366717,0.09767749971146188,0.2835047869252455
6.312919905524856,0.4719456381335295,0.09780207563137691,0.28350458360212266
6.312919905524856,0.4719063762279542,0.09792669286393203,0.28350438046561777
6.312919905524856,0.4718671545570695,0.09805135127271092,0.28350417751695955
6.312919905524856,0.4718279730810391,0.09817605072129378,0.2835039747573716
6.312919905524856,0.4717888317600624,0.0983007910732579,0.28350377218807216
6.312919905524856,0.47174973055437475,0.09842557219217814,0.28350356981027414
6.312919905524856,0.4717106694242469,0.09855039394162741,0.28350336762518524
6.312919905524856,0.47167164832998537,0.09867525618517717,0.2835031656340079
