5.2065632168496405,0.09119566228027179,0.979174101642773,0.018367609281536773
5.2065632168496405,0.09129495848089215,0.9789647091130673,0.018411736353722445
5.2065632168496405,0.09139425524826884,0.9787555813983609,0.018455926541157838
5.2065632168496405,0.09149355247716315,0.9785467180776772,0.018500179832535553
5.2065632168496405,0.09159285006247805,0.9783381187308423,0.018544496216344408
5.2065632168496405,0.09169214789925828,0.9781297829384832,0.018588875680869543
5.2065632168496405,0.09179144588269053,0.9779217102820261,0.01863331821419255
5.2065632168496405,0.09189074390810359,0.9777139003436947,0.01867782380419159
5.2065632168496405,0.09199004187096846,0.9775063527065077,0.01872239243854153
5.2065632168496405,0.09208933966689854,0.9772990669542779,0.018767024104714036
5.2065632168496405,0.09218863719164974,0.97709204267161,0.01881171878997773
5.2065632168496405,0.0922879343411206,0.9768852794438987,0.01885647648139831
5.2065632168496405,0.09238723101135254,0.9766787768573271,0.018901297165838667
5.2065632168496405,0.09248652709852984,0.9764725344988647,0.018946180829959025
5.2065632168496405,0.09258582249897988,0.9762665519562661,0.01899112746021708
5.2065632168496405,0.09268511710917329,0.9760608288180687,0.019036137042868113
5.2065632168496405,0.09278441082572399,0.9758553646735911,0.019081209563965144
5.2065632168496405,0.09288370354538943,0.9756501591129316,0.019126345009359055
5.2065632168496405,0.09298299516507065,0.9754452117269662,0.019171543364698725
5.2065632168496405,0.09308228558181243,0.9752405221073468,0.01921680461543119
5.2065632168496405,0.09318157469280344,0.9750360898464996,0.019262128746801752
5.2065632168496405,0.09328086239537638,0.9748319145376232,0.019307515743854142
5.2065632168496405,0.09338014858700802,0.9746279957746872,0.019352965591430654
5.2065632168496405,0.09347943316531945,0.9744243331524299,0.019398478274172296
5.2065632168496405,0.0935787160280761,0.9742209262663571,0.019444053776518918
5.2065632168496405,0.09367799707318794,0.9740177747127403,0.01948969208270937
5.2065632168496405,0.09377727619870956,0.9738148780886147,0.019535393176781664
5.2065632168496405,0.09387655330284025,0.9736122359917776,0.019581157042573093
5.2065632168496405,0.09397582828392426,0.973409848020787,0.019626983663720402
5.2065632168496405,0.09407510104045075,0.9732077137749595,0.019672873023659932
5.2065632168496405,0.09417437147105402,0.9730058328543685,0.01971882510562778
5.2065632168496405,0.0942736394745136,0.9728042048598432,0.01976483989265994
5.2065632168496405,0.09437290494975434,0.9726028293929663,0.019810917367592475
5.2065632168496405,0.09447216779584654,0.9724017060560722,0.01985705751306166
5.2065632168496405,0.09457142791200608,0.972200834452246,0.019903260311504148
5.2065632168496405,0.09467068519759451,0.9720002141853212,0.019949525745157123
5.2065632168496405,0.09476993955211917,0.9717998448598784,0.019995853796058467
5.2065632168496405,0.09486919087523325,0.9715997260812431,0.020042244446046922
5.2065632168496405,0.09496843906673601,0.9713998574554848,0.02008869767676225
5.2065632168496405,0.09506768402657277,0.9712002385894148,0.020135213469645395
5.2065632168496405,0.09516692565483509,0.9710008690905847,0.02018179180593865
5.2065632168496405,0.09526616385176083,0.9708017485672847,0.020228432666685833
5.2065632168496405,0.09536539851773426,0.9706028766285422,0.020275136032732444
5.2065632168496405,0.09546462955328623,0.9704042528841196,0.02032190188472584
5.2065632168496405,0.09556385685909413,0.9702058769445135,0.020368730203115408
5.2065632168496405,0.09566308033598213,0.9700077484209524,0.020415620968152727
5.2065632168496405,0.09576229988492117,0.969809866925395,0.020462574159891757
5.2065632168496405,0.09586151540702918,0.9696122320705289,0.020509589758189
5.2065632168496405,0.09596072680357105,0.9694148434697695,0.02055666774270368
5.2065632168496405,0.09605993397595879,0.969217700737257,0.02060380809289792
5.2065632168496405,0.09615913682575158,0.9690208034878562,0.020651010788036925
5.2065632168496405,0.09625833525465596,0.968824151337154,0.020698275807189158
5.2065632168496405,0.0963575291645258,0.9686277439014582,0.02074560312922652
5.2065632168496405,0.09645671845736245,0.9684315807977956,0.020792992732824526
5.2065632168496405,0.09655590303531483,0.9682356616439107,0.020840444596462504
5.2065632168496405,0.09665508280067953,0.968039986058264,0.020887958698423765
5.2065632168496405,0.09675425765590084,0.9678445536600307,0.0209355350167958
5.2065632168496405,0.0968534275035709,0.9676493640690984,0.02098317352947045
5.2065632168496405,0.09695259224642974,0.967454416906066,0.021030874214144117
5.2065632168496405,0.09705175178736539,0.9672597117922423,0.021078637048317934
5.2065632168496405,0.09715090602941394,0.9670652483496444,0.021126462009297967
5.2065632168496405,0.09725005487575963,0.9668710262009953,0.021174349074195402
5.2065632168496405,0.09734919822973497,0.9666770449697235,0.021222298219926734
5.2065632168496405,0.09744833599482072,0.9664833042799609,0.021270309423213972
5.2065632168496405,0.09754746807464607,0.966289803756541,0.02131838266058482
5.2065632168496405,0.09764659437298863,0.966096543024998,0.02136651790837289
5.2065632168496405,0.09774571479377461,0.9659035217115648,0.021414715142717887
5.2065632168496405,0.09784482924107879,0.9657107394431713,0.021462974339565812
5.2065632168496405,0.09794393761912464,0.9655181958474434,0.021511295474669172
5.2065632168496405,0.09804303983228439,0.9653258905527008,0.021559678523587145
5.2065632168496405,0.0981421357850791,0.9651338231879563,0.02160812346168584
5.2065632168496405,0.09824122538217873,0.9649419933829135,0.021656630264138443
5.2065632168496405,0.0983403085284022,0.9647504007679659,0.02170519890592546
5.2065632168496405,0.09843938512871746,0.964559044974195,0.021753829361834915
5.2065632168496405,0.09853845508824156,0.9643679256333686,0.021802521606462545
5.2065632168496405,0.09863751831224074,0.9641770423779398,0.021851275614212014
5.2065632168496405,0.09873657470613044,0.9639863948410453,0.021900091359295132
5.2065632168496405,0.09883562417547538,0.9637959826565039,0.021948968815732047
5.2065632168496405,0.09893466662598967,0.9636058054588148,0.021997907957351476
5.2065632168496405,0.09903370196353681,0.9634158628831565,0.0220469087577909
5.2065632168496405,0.09913273009412979,0.9632261545653847,0.022095971190496794
5.2065632168496405,0.0992317509239311,0.9630366801420317,0.02214509522872483
5.2065632168496405,0.09933076435925287,0.962847439250304,0.0221942808455401
5.2065632168496405,0.09942977030655682,0.9626584315280816,0.022243528013817328
5.2065632168496405,0.09952876867245443,0.962469656613916,0.02229283670624109
5.2065632168496405,0.0996277593637069,0.9622811141470289,0.022342206895306034
5.2065632168496405,0.09972674228722524,0.9620928037673107,0.022391638553317102
5.2065632168496405,0.09982571735007033,0.9619047251153191,0.022441131652389756
5.2065632168496405,0.09992468445945298,0.9617168778322778,0.022490686164450185
5.2065632168496405,0.10002364352273393,0.9615292615600746,0.022540302061235543
5.2065632168496405,0.10012259444742397,0.9613418759412604,0.02258997931429417
5.2065632168496405,0.10022153714118393,0.9611547206190475,0.02263971789498582
5.2065632168496405,0.10032047151182474,0.9609677952373082,0.022689517774481874
5.2065632168496405,0.1004193974673075,0.9607810994405735,0.022739378923765596
5.2065632168496405,0.10051831491574352,0.9605946328740314,0.02278930131363234
5.2065632168496405,0.10061722376539432,0.9604083951835256,0.022839284914689777
5.2065632168496405,0.10071612392467173,0.9602223860155545,0.022889329697358147
5.2065632168496405,0.1008150153021379,0.960036605017269,0.022939435631870474
5.2065632168496405,0.10091389780650536,0.9598510518364712,0.022989602688272808
5.2065632168496405,0.10101277134663703,0.9596657261216138,0.02303983083642446
5.2065632168496405,0.1011116358315463,0.959480627521798,0.023090120045998225
5.2065632168496405,0.10121049117039703,0.9592957556867717,0.023140470286480638
5.2065632168496405,0.1013093372725036,0.9591111102669294,0.023190881527172198
5.2065632168496405,0.10140817404733096,0.9589266909133093,0.023241353737187612
5.2065632168496405,0.10150700140449466,0.958742497277593,0.023291886885456033
5.2065632168496405,0.10160581925376086,0.9585585290121036,0.023342480940721298
5.2065632168496405,0.10170462750504639,0.9583747857698044,0.023393135871542178
5.2065632168496405,0.10180342606841876,0.9581912672042976,0.023443851646292608
5.2065632168496405,0.10190221485409622,0.9580079729698228,0.02349462823316195
5.2065632168496405,0.10200099377244776,0.9578249027212558,0.023545465600155222
5.2065632168496405,0.10209976273399315,0.9576420561141067,0.023596363715093344
5.2065632168496405,0.102198521649403,0.9574594328045194,0.023647322545613393
5.2065632168496405,0.10229727042949872,0.9572770324492694,0.023698342059168848
5.2065632168496405,0.10239600898525261,0.9570948547057629,0.023749422223029837
5.2065632168496405,0.10249473722778782,0.9569128992320356,0.023800563004283386
5.2065632168496405,0.10259345506837847,0.9567311656867505,0.02385176436983368
5.2065632168496405,0.10269216241844956,0.9565496537291975,0.023903026286402295
5.2065632168496405,0.10279085918957707,0.9563683630192916,0.02395434872052848
5.2065632168496405,0.10288954529348797,0.9561872932175717,0.024005731638569377
5.2065632168496405,0.1029882206420602,0.9560064439851986,0.0240571750067003
5.2065632168496405,0.10308688514732275,0.955825814983955,0.024108678790914984
5.2065632168496405,0.10318553872145564,0.9556454058762429,0.024160242957025842
5.2065632168496405,0.10328418127678991,0.9554652163250827,0.02421186747066422
5.2065632168496405,0.10338281272580771,0.9552852459941124,0.024263552297280663
5.2065632168496405,0.10348143298114226,0.955105494547585,0.024315297402145154
5.2065632168496405,0.10358004195557788,0.9549259616503687,0.02436710275034741
5.2065632168496405,0.10367863956205,0.9547466469679445,0.02441896830679711
5.2065632168496405,0.10377722571364521,0.9545675501664053,0.024470894036224183
5.2065632168496405,0.10387580032360119,0.9543886709124544,0.024522879903179046
5.2065632168496405,0.10397436330530681,0.9542100088734043,0.02457492587203289
5.2065632168496405,0.10407291457230206,0.9540315637171757,0.02462703190697794
5.2065632168496405,0.10417145403827811,0.9538533351122954,0.024679197972027715
5.2065632168496405,0.10426998161707735,0.9536753227278958,0.024731424031017298
5.2065632168496405,0.1043684972226933,0.9534975262337131,0.024783710047603616
5.2065632168496405,0.10446700076927071,0.9533199453000865,0.024836055985265684
5.2065632168496405,0.10456549217110549,0.9531425795979561,0.024888461807304894
5.2065632168496405,0.10466397134264477,0.9529654287988626,0.024940927476845287
5.2065632168496405,0.10476243819848689,0.9527884925749452,0.02499345295683381
5.2065632168496405,0.10486089265338139,0.9526117705989409,0.025046038210040606
5.2065632168496405,0.10495933462222899,0.9524352625441826,0.025098683199059276
5.2065632168496405,0.10505776402008168,0.9522589680845988,0.02515138788630716
5.2065632168496405,0.10515618076214261,0.952082886894711,0.02520415223402561
5.2065632168496405,0.10525458476376617,0.9519070186496336,0.02525697620428025
5.2065632168496405,0.10535297594045794,0.951731363025072,0.025309859758961294
5.2065632168496405,0.10545135420787469,0.9515559196973216,0.02536280285978378
5.2065632168496405,0.1055497194818244,0.9513806883432665,0.02541580546828788
5.2065632168496405,0.10564807167826626,0.9512056686403783,0.025468867545839154
5.2065632168496405,0.10574641071331067,0.9510308602667144,0.02552198905362886
5.2065632168496405,0.10584473650321917,0.9508562629009174,0.02557516995267421
5.2065632168496405,0.1059430489644045,0.9506818762222135,0.025628410203818664
5.2065632168496405,0.10604134801343058,0.9505076999104114,0.02568170976773222
5.2065632168496405,0.10613963356701248,0.9503337336459008,0.025735068604911673
5.2065632168496405,0.10623790554201641,0.9501599771096515,0.025788486675680927
5.2065632168496405,0.10633616385545976,0.9499864299832119,0.025841963940191275
5.2065632168496405,0.10643440842451102,0.9498130919487079,0.025895500358421673
5.2065632168496405,0.10653263916648982,0.9496399626888418,0.02594909589017904
5.2065632168496405,0.10663085599886689,0.9494670418868907,0.02600275049509854
5.2065632168496405,0.10672905883926402,0.9492943292267056,0.026056464132643873
5.2065632168496405,0.10682724760545413,0.9491218243927102,0.026110236762107563
5.2065632168496405,0.10692542221536117,0.9489495270698994,0.026164068342611257
5.2065632168496405,0.10702358258706014,0.9487774369438383,0.026217958833106007
5.2065632168496405,0.10712172863877707,0.9486055537006611,0.026271908192372566
5.2065632168496405,0.10721986028888904,0.9484338770270697,0.026325916379021683
5.2065632168496405,0.10731797745592406,0.9482624066103323,0.026379983351494395
5.2065632168496405,0.10741608005856117,0.9480911421382827,0.026434109068062317
5.2065632168496405,0.10751416801563034,0.9479200832993188,0.02648829348682795
5.2065632168496405,0.10761224124611243,0.9477492297824014,0.026542536565724965
5.2065632168496405,0.10771029966913931,0.9475785812770531,0.02659683826251851
5.2065632168496405,0.10780834320399364,0.9474081374733571,0.0266511985348055
5.2065632168496405,0.107906371770109,0.9472378980619559,0.026705617340014916
5.2065632168496405,0.1080043852870698,0.9470678627340504,0.02676009463540812
5.2065632168496405,0.10810238367461127,0.9468980311813984,0.02681463037807913
5.2065632168496405,0.10820036685261938,0.9467284030963135,0.026869224524954938
5.2065632168496405,0.10829833474113093,0.9465589781716641,0.02692387703279581
5.2065632168496405,0.10839628726033343,0.9463897561008722,0.026978587858195586
5.2065632168496405,0.10849422433056508,0.9462207365779117,0.027033356957581987
5.2065632168496405,0.10859214587231479,0.9460519192973084,0.027088184287216915
5.2065632168496405,0.10869005180622208,0.9458833039541373,0.02714306980319675
5.2065632168496405,0.10878794205307712,0.9457148902440229,0.027198013461452685
5.2065632168496405,0.10888581653382066,0.9455466778631373,0.02725301521775099
5.2065632168496405,0.108983675169544,0.9453786665081988,0.02730807502769336
5.2065632168496405,0.10908151788148897,0.9452108558764716,0.027363192846717184
5.2065632168496405,0.10917934459104785,0.9450432456657637,0.027418368630095898
5.2065632168496405,0.10927715521976343,0.9448758355744266,0.02747360233293925
5.2065632168496405,0.10937494968932886,0.9447086253013536,0.02752889391019364
5.2065632168496405,0.10947272792158773,0.9445416145459787,0.027584243316642422
5.2065632168496405,0.10957048983853393,0.944374803008276,0.027639650506906206
5.2065632168496405,0.1096682353623117,0.9442081903887578,0.027695115435443184
5.2065632168496405,0.10976596441521551,0.944041776388474,0.027750638056549443
5.2065632168496405,0.10986367691969008,0.9438755607090106,0.027806218324359262
5.2065632168496405,0.10996137279833032,0.943709543052489,0.02786185619284545
5.2065632168496405,0.11005905197388129,0.9435437231215649,0.027917551615819634
5.2065632168496405,0.11015671436923817,0.9433781006194264,0.027973304546932597
5.2065632168496405,0.1102543599074462,0.9432126752497939,0.02802911493967459
5.2065632168496405,0.11035198851170064,0.9430474467169182,0.02808498274737564
5.2065632168496405,0.11044960010534673,0.9428824147255799,0.02814090792320587
5.2065632168496405,0.11054719461187966,0.9427175789810882,0.028196890420175827
5.2065632168496405,0.11064477195494454,0.9425529391892794,0.028252930191136793
5.2065632168496405,0.11074233205833628,0.9423884950565162,0.028309027188781106
5.2065632168496405,0.11083987484599961,0.9422242462896868,0.028365181365642478
5.2065632168496405,0.11093740024202901,0.9420601925962031,0.02842139267409632
5.2065632168496405,0.1110349081706687,0.9418963336840002,0.028477661066360068
5.2065632168496405,0.11113239855631254,0.9417326692615351,0.02853398649449349
5.2065632168496405,0.11122987132350398,0.9415691990377856,0.02859036891039902
5.2065632168496405,0.11132732639693606,0.9414059227222492,0.028646808265822093
5.2065632168496405,0.1114247637014513,0.9412428400249422,0.02870330451235144
5.2065632168496405,0.11152218316204171,0.9410799506563983,0.028759857601419445
5.2065632168496405,0.11161958470384871,0.9409172543276679,0.028816467484302444
5.2065632168496405,0.11171696825216305,0.9407547507503168,0.028873134112121068
5.2065632168496405,0.1118143337324248,0.9405924396364249,0.028929857435840558
5.2065632168496405,0.11191168107022327,0.9404303206985858,0.028986637406271103
5.2065632168496405,0.11200901019129698,0.9402683936499049,0.02904347397406816
5.2065632168496405,0.11210632102153358,0.940106658203999,0.029100367089732793
5.2065632168496405,0.11220361348696978,0.9399451140749949,0.02915731670361199
5.2065632168496405,0.11230088751379134,0.9397837609775287,0.029214322765899005
5.2065632168496405,0.11239814302833301,0.939622598626744,0.02927138522663367
5.2065632168496405,0.11249537995707842,0.9394616267382919,0.029328504035702748
5.2065632168496405,0.11259259822666007,0.9393008450283288,0.029385679142840248
5.2065632168496405,0.11268979776385923,0.9391402532135162,0.029442910497627768
5.2065632168496405,0.11278697849560594,0.9389798510110194,0.029500198049494816
5.2065632168496405,0.1128841403489789,0.9388196381385066,0.029557541747719164
5.2065632168496405,0.11298128325120539,0.9386596143141471,0.02961494154142716
5.2065632168496405,0.1130784071296613,0.9384997792566115,0.029672397379594068
5.2065632168496405,0.11317551191187097,0.9383401326850698,0.029729909211044413
5.2065632168496405,0.1132725975255072,0.9381806743191904,0.029787476984452305
5.2065632168496405,0.11336966389839108,0.9380214038791396,0.029845100648341786
5.2065632168496405,0.11346671095849208,0.9378623210855799,0.02990278015108716
5.2065632168496405,0.11356373863392784,0.9377034256596692,0.029960515440913327
5.2065632168496405,0.11366074685296422,0.9375447173230607,0.030018306465896125
5.2065632168496405,0.11375773554401514,0.9373861957979,0.030076153173962675
5.2065632168496405,0.11385470463564258,0.9372278608068256,0.030134055512891708
5.2065632168496405,0.11395165405655647,0.9370697120729677,0.030192013430313917
5.2065632168496405,0.11404858373561465,0.9369117493199467,0.03025002687371228
5.2065632168496405,0.11414549360182279,0.9367539722718721,0.03030809579042242
5.2065632168496405,0.1142423835843343,0.936596380653342,0.030366220127632924
5.2065632168496405,0.11433925361245031,0.9364389741894422,0.030424399832385717
5.2065632168496405,0.11443610361561957,0.9362817526057444,0.03048263485157637
5.2065632168496405,0.11453293352343832,0.9361247156283058,0.03054092513195446
5.2065632168496405,0.11462974326565037,0.9359678629836682,0.030599270620123915
5.2065632168496405,0.11472653277214688,0.9358111943988566,0.030657671262543346
5.2065632168496405,0.11482330197296632,0.9356547096013785,0.0307161270055264
5.2065632168496405,0.11492005079829448,0.9354984083192227,0.030774637795242112
5.2065632168496405,0.1150167791784643,0.9353422902808585,0.030833203577715226
5.2065632168496405,0.11511348704395583,0.9351863552152344,0.03089182429882657
5.2065632168496405,0.11521017432539614,0.9350306028517777,0.030950499904313377
5.2065632168496405,0.11530684095355928,0.934875032920393,0.031009230339769645
5.2065632168496405,0.11540348685936618,0.9347196451514613,0.031068015550646488
5.2065632168496405,0.11550011197388456,0.9345644392758391,0.031126855482252466
5.2065632168496405,0.11559671622832889,0.9344094150248575,0.03118575007975395
5.2065632168496405,0.11569329955406027,0.9342545721303211,0.03124469928817547
5.2065632168496405,0.11578986188258639,0.9340999103245072,0.03130370305240005
5.2065632168496405,0.11588640314556141,0.9339454293401647,0.03136276131716957
5.2065632168496405,0.1159829232747859,0.933791128910513,0.031421874027085114
5.2065632168496405,0.11607942220220678,0.9336370087692414,0.031481041126607316
5.2065632168496405,0.1161758998599172,0.9334830686505077,0.0315402625600567
5.2065632168496405,0.1162723561801565,0.9333293082889377,0.03159953827161407
5.2065632168496405,0.11636879109531005,0.9331757274196238,0.031658868205320816
5.2065632168496405,0.1164652045379093,0.9330223257781245,0.03171825230507929
5.2065632168496405,0.11656159644063158,0.932869103100463,0.03177769051465316
5.2065632168496405,0.11665796673630004,0.9327160591231266,0.031837182777667755
5.2065632168496405,0.1167543153578836,0.9325631935830655,0.03189672903761042
5.2065632168496405,0.11685064223849682,0.9324105062176922,0.03195632923783087
5.2065632168496405,0.1169469473113999,0.93225799676488,0.03201598332154155
5.2065632168496405,0.11704323050999849,0.9321056649629624,0.03207569123181797
5.2065632168496405,0.11713949176784365,0.9319535105507327,0.0321354529115991
5.2065632168496405,0.11723573101863179,0.9318015332674419,0.03219526830368768
5.2065632168496405,0.1173319481962045,0.9316497328527984,0.0322551373507506
5.2065632168496405,0.11742814323454857,0.9314981090469675,0.03231505999531925
5.2065632168496405,0.11752431606779581,0.9313466615905698,0.03237503617978988
5.2065632168496405,0.11762046663022302,0.9311953902246803,0.03243506584642397
5.2065632168496405,0.11771659485625184,0.9310442946908282,0.032495148937348554
5.2065632168496405,0.11781270068044875,0.9308933747309946,0.03255528539455661
5.2065632168496405,0.1179087840375249,0.9307426300876135,0.032615475159907405
5.2065632168496405,0.11800484486233605,0.9305920605035687,0.03267571817512684
5.2065632168496405,0.11810088308988247,0.9304416657221948,0.03273601438180784
5.2065632168496405,0.11819689865530883,0.9302914454872753,0.03279636372141069
5.2065632168496405,0.11829289149390415,0.9301413995430415,0.0328567661352634
5.2065632168496405,0.11838886154110172,0.9299915276341726,0.03291722156456207
5.2065632168496405,0.1184848087324789,0.9298418295057936,0.03297772995037123
5.2065632168496405,0.11858073300375715,0.9296923049034754,0.03303829123362424
5.2065632168496405,0.11867663429080189,0.9295429535732331,0.03309890535512362
5.2065632168496405,0.11877251252962231,0.9293937752615256,0.03315957225554143
5.2065632168496405,0.11886836765637147,0.9292447697152545,0.03322029187541959
5.2065632168496405,0.11896419960734604,0.9290959366817633,0.0332810641551703
5.2065632168496405,0.11906000831898625,0.9289472759088364,0.033341889035076386
5.2065632168496405,0.11915579372787583,0.9287987871446985,0.03340276645529163
5.2065632168496405,0.11925155577074185,0.9286504701380134,0.03346369635584116
5.2065632168496405,0.1193472943844547,0.9285023246378827,0.03352467867662183
5.2065632168496405,0.11944300950602792,0.9283543503938463,0.033585713357402534
5.2065632168496405,0.11953870107261812,0.9282065471558798,0.03364680033782462
5.2065632168496405,0.11963436902152488,0.9280589146743949,0.03370793955740223
5.2065632168496405,0.1197300132901907,0.9279114527002381,0.03376913095552266
5.2065632168496405,0.11982563381620082,0.9277641609846896,0.03383037447144675
5.2065632168496405,0.11992123053728317,0.9276170392794625,0.03389167004430923
5.2065632168496405,0.12001680339130824,0.9274700873367023,0.03395301761311908
5.2065632168496405,0.120112352316289,0.9273233049089858,0.03401441711675991
5.2065632168496405,0.1202078772503808,0.9271766917493202,0.03407586849399033
5.2065632168496405,0.12030337813188124,0.9270302476111418,0.03413737168344429
5.2065632168496405,0.1203988548992301,0.9268839722483161,0.03419892662363146
5.2065632168496405,0.12049430749100923,0.9267378654151363,0.034260533252937646
5.2065632168496405,0.12058973584594239,0.9265919268663223,0.034322191509625066
5.2065632168496405,0.12068513990289521,0.9264461563570204,0.03438390133183278
5.2065632168496405,0.12078051960087512,0.926300553642802,0.034445662657577036
5.2065632168496405,0.12087587487903109,0.9261551184796626,0.034507475424751674
5.2065632168496405,0.1209712056766537,0.9260098506240217,0.034569339571128434
5.2065632168496405,0.12106651193317496,0.9258647498327215,0.03463125503435737
5.2065632168496405,0.12116179358816814,0.9257198158630254,0.0346932217519672
5.2065632168496405,0.1212570505813478,0.9255750484726186,0.034755239661365685
5.2065632168496405,0.12135228285256955,0.9254304474196059,0.03481730869984
5.2065632168496405,0.12144749034183,0.9252860124625116,0.03487942880455707
5.2065632168496405,0.12154267298926669,0.9251417433602784,0.03494159991256401
5.2065632168496405,0.12163783073515791,0.9249976398722667,0.03500382196078841
5.2065632168496405,0.12173296351992262,0.9248537017582534,0.035066094886038776
5.2065632168496405,0.12182807128412036,0.9247099287784318,0.03512841862500487
5.2065632168496405,0.1219231539684511,0.9245663206934099,0.035190793114258066
5.2065632168496405,0.12201821151375516,0.9244228772642104,0.03525321829025176
5.2065632168496405,0.12211324386101309,0.9242795982522689,0.035315694089321725
5.2065632168496405,0.12220825095134556,0.9241364834194342,0.035378220447686445
5.2065632168496405,0.12230323272601325,0.9239935325279667,0.03544079730144756
5.2065632168496405,0.12239818912641669,0.9238507453405375,0.03550342458659016
5.2065632168496405,0.12249312009409624,0.9237081216202283,0.03556610223898322
5.2065632168496405,0.12258802557073194,0.9235656611305301,0.03562883019437994
5.2065632168496405,0.12268290549814333,0.9234233636353422,0.035691608388418145
5.2065632168496405,0.12277775981828942,0.9232812288989717,0.03575443675662059
5.2065632168496405,0.12287258847326857,0.9231392566861326,0.035817315234395436
5.2065632168496405,0.1229673914053183,0.9229974467619451,0.03588024375703652
5.2065632168496405,0.12306216855681526,0.9228557988919344,0.035943222259723816
5.2065632168496405,0.12315691987027508,0.9227143128420305,0.036006250677523735
5.2065632168496405,0.12325164528835222,0.9225729883785669,0.03606932894538957
5.2065632168496405,0.12334634475383995,0.92243182526828,0.0361324569981618
5.2065632168496405,0.12344101820967011,0.9222908232783084,0.03619563477056851
5.2065632168496405,0.12353566559891312,0.9221499821761916,0.03625886219722575
5.2065632168496405,0.12363028686477773,0.9220093017298698,0.03632213921263793
5.2065632168496405,0.12372488195061102,0.921868781707683,0.036385465751198144
5.2065632168496405,0.1238194507998982,0.9217284218783699,0.0364488417471886
5.2065632168496405,0.12391399335626253,0.9215882220110673,0.036512267134780965
5.2065632168496405,0.12400850956346522,0.9214481818753093,0.036575741848036754
5.2065632168496405,0.12410299936540527,0.9213083012410266,0.03663926582090768
5.2065632168496405,0.12419746270611935,0.9211685798785455,0.036702838987236065
5.2065632168496405,0.12429189952978173,0.9210290175585872,0.0367664612807552
5.2065632168496405,0.12438630978070409,0.9208896140522672,0.036830132635089705
5.2065632168496405,0.12448069340333545,0.9207503691310943,0.03689385298375593
5.2065632168496405,0.12457505034226206,0.9206112825669699,0.03695762226016232
5.2065632168496405,0.1246693805422072,0.9204723541321871,0.03702144039760978
5.2065632168496405,0.12476368394803115,0.9203335835994301,0.03708530732929208
5.2065632168496405,0.12485796050473102,0.9201949707417735,0.037149222988296184
5.2065632168496405,0.12495221015744065,0.9200565153326812,0.03721318730760269
5.2065632168496405,0.12504643285143044,0.919918217146006,0.037277200220086154
5.2065632168496405,0.1251406285321073,0.9197800759559883,0.03734126165851549
5.2065632168496405,0.12523479714501448,0.9196420915372562,0.037405371555554345
5.2065632168496405,0.12532893863583142,0.9195042636648237,0.03746952984376145
5.2065632168496405,0.12542305295037368,0.919366592114091,0.037533736455591056
5.2065632168496405,0.12551714003459283,0.9192290766608426,0.037597991323393254
5.2065632168496405,0.12561119983457622,0.9190917170812476,0.03766229437941437
5.2065632168496405,0.125705232296547,0.9189545131518583,0.037726645555797356
5.2065632168496405,0.1257992373668639,0.9188174646496096,0.03779104478458216
5.2065632168496405,0.12589321499202108,0.9186805713518181,0.037855491997706076
5.2065632168496405,0.12598716511864805,0.9185438330361819,0.03791998712700417
5.2065632168496405,0.12608108769350962,0.9184072494807793,0.037984530104209636
5.2065632168496405,0.12617498266350563,0.9182708204640682,0.038049120860954154
5.2065632168496405,0.12626884997567095,0.9181345457648851,0.03811375932876829
5.2065632168496405,0.12636268957717522,0.9179984251624449,0.03817844543908187
5.2065632168496405,0.1264565014153228,0.9178624584363398,0.03824317912322438
5.2065632168496405,0.12655028543755267,0.9177266453665389,0.038307960312425275
5.2065632168496405,0.12664404159143827,0.9175909857333866,0.03837278893781444
5.2065632168496405,0.12673776982468735,0.9174554793176031,0.03843766493042252
5.2065632168496405,0.12683147008514187,0.9173201259002824,0.03850258822118131
5.2065632168496405,0.12692514232077784,0.9171849252628927,0.03856755874092412
5.2065632168496405,0.12701878647970524,0.917049877187275,0.03863257642038619
5.2065632168496405,0.12711240251016787,0.9169149814556423,0.03869764119020503
5.2065632168496405,0.12720599036054314,0.9167802378505792,0.03876275298092081
5.2065632168496405,0.12729954997934212,0.9166456461550411,0.03882791172297675
5.2065632168496405,0.12739308131520924,0.9165112061523534,0.03889311734671948
5.2065632168496405,0.1274865843169222,0.9163769176262108,0.03895836978239943
5.2065632168496405,0.1275800589333919,0.9162427803606766,0.03902366896017122
5.2065632168496405,0.1276735051136622,0.916108794140182,0.03908901481009401
5.2065632168496405,0.12776692280691002,0.915974958749525,0.039154407262131895
5.2065632168496405,0.12786031196244485,0.9158412739738704,0.03921984624615428
5.2065632168496405,0.12795367252970893,0.9157077395987486,0.03928533169193628
5.2065632168496405,0.12804700445827694,0.9155743554100552,0.03935086352915907
5.2065632168496405,0.12814030769785592,0.9154411211940494,0.03941644168741026
5.2065632168496405,0.12823358219828523,0.9153080367373546,0.03948206609618429
5.2065632168496405,0.12832682790953626,0.9151751018269567,0.039547736684882824
5.2065632168496405,0.12842004478171234,0.9150423162502039,0.0396134533828151
5.2065632168496405,0.1285132327650487,0.9149096797948059,0.039679216119198314
5.2065632168496405,0.12860639180991223,0.9147771922488327,0.03974502482315801
5.2065632168496405,0.1286995218668014,0.9146448534007148,0.03981087942372845
5.2065632168496405,0.12879262288634605,0.9145126630392418,0.03987677984985299
5.2065632168496405,0.1288856948193074,0.9143806209535621,0.039942726030384464
5.2065632168496405,0.12897873761657777,0.9142487269331816,0.04000871789408558
5.2065632168496405,0.12907175122918052,0.9141169807679639,0.04007475536962927
5.2065632168496405,0.12916473560826994,0.9139853822481286,0.040140838385599065
5.2065632168496405,0.129257690705131,0.9138539311642516,0.04020696687048951
5.2065632168496405,0.12935061647117926,0.9137226273072637,0.04027314075270651
5.2065632168496405,0.12944351285796088,0.9135914704684502,0.040339359960567714
5.2065632168496405,0.12953637981715227,0.9134604604394502,0.04040562442230291
5.2065632168496405,0.12962921730056007,0.9133295970122557,0.0404719340660544
5.2065632168496405,0.12972202526012097,0.9131988799792111,0.040538288819877345
5.2065632168496405,0.12981480364790163,0.9130683091330127,0.04060468861174019
5.2065632168496405,0.12990755241609842,0.9129378842667076,0.04067113336952501
5.2065632168496405,0.13000027151703744,0.9128076051736933,0.040737623021027916
5.2065632168496405,0.1300929609031743,0.912677471647717,0.040804157493959395
5.2065632168496405,0.13018562052709393,0.9125474834828746,0.04087073671594472
5.2065632168496405,0.13027825034151055,0.9124176404736106,0.04093736061452432
5.2065632168496405,0.13037085029926748,0.912287942414717,0.04100402911715416
5.2065632168496405,0.130463420353337,0.9121583891013327,0.04107074215120611
5.2065632168496405,0.13055596045682014,0.912028980328943,0.04113749964396833
5.2065632168496405,0.13064847056294668,0.9118997158933784,0.04120430152264564
5.2065632168496405,0.13074095062507496,0.9117705955908149,0.04127114771435991
5.2065632168496405,0.13083340059669166,0.9116416192177722,0.041338038146150446
5.2065632168496405,0.13092582043141177,0.9115127865711141,0.041404972744974324
5.2065632168496405,0.13101821008297834,0.9113840974480468,0.04147195143770682
5.2065632168496405,0.13111056950526248,0.9112555516461193,0.04153897415114176
5.2065632168496405,0.13120289865226306,0.9111271489632216,0.041606040811991894
5.2065632168496405,0.13129519747810672,0.910998889197585,0.04167315134688929
5.2065632168496405,0.13138746593704762,0.910870772147781,0.041740305682385695
5.2065632168496405,0.13147970398346728,0.9107427976127208,0.04180750374495294
5.2065632168496405,0.1315719115718746,0.9106149653916545,0.041874745460983284
5.2065632168496405,0.13166408865690554,0.9104872752841706,0.04194203075678978
5.2065632168496405,0.13175623519332308,0.910359727090195,0.04200935955860672
5.2065632168496405,0.131848351136017,0.9102323206099907,0.04207673179258994
5.2065632168496405,0.13194043644000383,0.9101050556441571,0.04214414738481723
5.2065632168496405,0.13203249106042667,0.9099779319936293,0.04221160626128871
5.2065632168496405,0.13212451495255495,0.9098509494596775,0.042279108347927204
5.2065632168496405,0.1322165080717845,0.9097241078439061,0.042346653570578596
5.2065632168496405,0.13230847037363722,0.9095974069482535,0.04241424185501224
5.2065632168496405,0.13240040181376095,0.9094708465749912,0.042481873126921324
5.2065632168496405,0.13249230234792947,0.909344426526723,0.04254954731192322
5.2065632168496405,0.13258417193204217,0.9092181466063847,0.04261726433555992
5.2065632168496405,0.13267601052212405,0.9090920066172431,0.04268502412329833
5.2065632168496405,0.13276781807432553,0.9089660063628957,0.04275282660053073
5.2065632168496405,0.13285959454492222,0.90884014564727,0.04282067169257508
5.2065632168496405,0.13295133989031493,0.9087144242746225,0.04288855932467543
5.2065632168496405,0.13304305406702946,0.9085888420495386,0.0429564894220023
5.2065632168496405,0.13313473703171638,0.9084633987769317,0.04302446190965305
5.2065632168496405,0.13322638874115095,0.9083380942620427,0.04309247671265222
5.2065632168496405,0.13331800915223302,0.908212928310439,0.04316053375595196
5.2065632168496405,0.1334095982219868,0.9080879007280142,0.04322863296443238
5.2065632168496405,0.13350115590756076,0.9079630113209873,0.043296774262901905
5.2065632168496405,0.13359268216622747,0.9078382598959028,0.043364957576097686
5.2065632168496405,0.13368417695538345,0.9077136462596287,0.04343318282868594
5.2065632168496405,0.13377564023254906,0.9075891702193569,0.04350144994526236
5.2065632168496405,0.13386707195536832,0.9074648315826025,0.04356975885035246
5.2065632168496405,0.13395847208160877,0.9073406301572028,0.043638109468411956
5.2065632168496405,0.13404984056916125,0.9072165657513169,0.04370650172382713
5.2065632168496405,0.13414117737603995,0.9070926381734252,0.043774935540915244
5.2065632168496405,0.13423248246038202,0.9069688472323285,0.04384341084392485
5.2065632168496405,0.13432375578044764,0.9068451927371475,0.04391192755703622
5.2065632168496405,0.1344149972946197,0.9067216744973223,0.04398048560436169
5.2065632168496405,0.13450620696140372,0.9065982923226119,0.044049084909946044
5.2065632168496405,0.1345973847394278,0.906475046023093,0.044117725397766865
5.2065632168496405,0.1346885305874423,0.9063519354091601,0.044186406991734935
5.2065632168496405,0.13477964446431975,0.9062289602915246,0.0442551296156946
5.2065632168496405,0.13487072632905484,0.9061061204812139,0.04432389319342413
5.2065632168496405,0.13496177614076402,0.9059834157895712,0.0443926976486361
5.2065632168496405,0.13505279385868557,0.905860846028255,0.04446154290497775
5.2065632168496405,0.13514377944217937,0.905738411009238,0.04453042888603139
5.2065632168496405,0.1352347328507267,0.9056161105448068,0.04459935551531473
5.2065632168496405,0.1353256540439302,0.9054939444475615,0.04466832271628126
5.2065632168496405,0.1354165429815136,0.9053719125304146,0.04473733041232065
5.2065632168496405,0.13550739962332164,0.9052500146065908,0.04480637852675909
5.2065632168496405,0.13559822392932,0.9051282504896263,0.04487546698285966
5.2065632168496405,0.13568901585959495,0.9050066199933681,0.04494459570382273
5.2065632168496405,0.1357797753743534,0.9048851229319735,0.045013764612786306
5.2065632168496405,0.1358705024339226,0.9047637591199097,0.04508297363282639
5.2065632168496405,0.1359611969987501,0.9046425283719527,0.045152222686957365
5.2065632168496405,0.13605185902940353,0.9045214305031873,0.04522151169813238
5.2065632168496405,0.1361424884865705,0.9044004653290062,0.04529084058924368
5.2065632168496405,0.1362330853310584,0.9042796326651092,0.04536020928312302
5.2065632168496405,0.13632364952379428,0.9041589323275033,0.04542961770254199
5.2065632168496405,0.13641418102582467,0.9040383641325013,0.045499065770212406
5.2065632168496405,0.13650467979831554,0.9039179278967217,0.0455685534087867
5.2065632168496405,0.13659514580255191,0.9037976234370881,0.04563808054085822
5.2065632168496405,0.13668557899993802,0.9036774505708286,0.045707647088961675
5.2065632168496405,0.13677597935199692,0.903557409115475,0.04577725297557346
5.2065632168496405,0.1368663468203704,0.9034374988888625,0.04584689812311204
5.2065632168496405,0.13695668136681893,0.9033177197091289,0.04591658245393829
5.2065632168496405,0.1370469829532213,0.9031980713947143,0.045986305890355884
5.2065632168496405,0.13713725154157466,0.9030785537643602,0.04605606835461168
5.2065632168496405,0.13722748709399438,0.9029591666371094,0.046125869768896044
5.2065632168496405,0.13731768957271367,0.9028399098323047,0.046195710055343245
5.2065632168496405,0.13740785894008373,0.9027207831695889,0.04626558913603181
5.2065632168496405,0.13749799515857333,0.9026017864689043,0.04633550693298488
5.2065632168496405,0.13758809819076886,0.9024829195504916,0.04640546336817061
5.2065632168496405,0.13767816799937405,0.9023641822348899,0.04647545836350249
5.2065632168496405,0.13776820454720987,0.9022455743429357,0.04654549184083973
5.2065632168496405,0.13785820779721436,0.9021270956957628,0.046615563721987656
5.2065632168496405,0.13794817771244253,0.902008746114801,0.046685673928698
5.2065632168496405,0.13803811425606613,0.9018905254217764,0.046755822382669336
5.2065632168496405,0.13812801739137354,0.9017724334387104,0.046826009005547405
5.2065632168496405,0.1382178870817696,0.901654469987919,0.04689623371892549
5.2065632168496405,0.1383077232907755,0.9015366348920125,0.04696649644434478
5.2065632168496405,0.13839752598202856,0.901418927973895,0.04703679710329472
5.2065632168496405,0.13848729511928215,0.9013013490567635,0.047107135617213386
5.2065632168496405,0.13857703066640542,0.9011838979641078,0.04717751190748785
5.2065632168496405,0.13866673258738332,0.9010665745197095,0.047247925895454526
5.2065632168496405,0.13875640084631632,0.9009493785476419,0.04731837750239956
5.2065632168496405,0.13884603540742027,0.9008323098722689,0.04738886664955916
5.2065632168496405,0.13893563623502628,0.900715368318245,0.04745939325811997
5.2065632168496405,0.13902520329358053,0.9005985537105142,0.04752995724921944
5.2065632168496405,0.13911473654764422,0.9004818658743103,0.047600558543946174
5.2065632168496405,0.1392042359618932,0.9003653046351554,0.04767119706334028
5.2065632168496405,0.1392937015011181,0.9002488698188599,0.047741872728393774
5.2065632168496405,0.1393831331302239,0.9001325612515219,0.047812585460050884
5.2065632168496405,0.13947253081422997,0.9000163787595263,0.04788333517920844
5.2065632168496405,0.13956189451826984,0.8999003221695451,0.04795412180671624
5.2065632168496405,0.13965122420759105,0.8997843913085358,0.04802494526337738
5.2065632168496405,0.139740519847555,0.8996685860037416,0.04809580546994865
5.2065632168496405,0.13982978140363683,0.8995529060826906,0.048166702347140836
5.2065632168496405,0.1399190088414252,0.8994373513731954,0.04823763581561914
5.2065632168496405,0.14000820212662216,0.8993219217033523,0.04830860579600352
5.2065632168496405,0.14009736122504302,0.899206616901541,0.04837961220886901
5.2065632168496405,0.1401864861026162,0.8990914367964241,0.04845065497474612
5.2065632168496405,0.14027557672538302,0.8989763812169465,0.04852173401412117
5.2065632168496405,0.1403646330594976,0.8988614499923345,0.048592849247436655
5.2065632168496405,0.1404536550712267,0.8987466429520959,0.0486640005950916
5.2065632168496405,0.14054264272694955,0.8986319599260194,0.04873518797744192
5.2065632168496405,0.14063159599315767,0.8985174007441734,0.04880641131480075
5.2065632168496405,0.14072051483645476,0.898402965236906,0.04887767052743884
5.2065632168496405,0.14080939922355654,0.8982886532348447,0.04894896553558488
